

Time 0
Waiting clients: (22,3,6); (37,4,5); (46,4,5); (38,5,4); (29,6,3); (34,7,2); (36,8,5); (17,9,5); (13,9,1); (11,10,4); (45,11,6); (31,11,6); (1,12,1); (47,12,1); (15,13,3); (25,19,2); (18,20,5); (16,21,3); (32,21,5); (24,21,3); (19,22,4); (44,23,3); (14,23,4); (26,24,2); (42,24,1); (6,25,1); (35,26,2); (10,27,1); (4,27,5); (30,27,3); (41,28,5); (49,28,3); (20,30,3); (33,30,5); (28,31,4); (0,31,1); (9,31,6); (3,32,5); (12,32,5); (2,33,2); (48,34,6); (40,35,5); (43,35,5); (8,36,6); (23,36,6); (27,38,3); (21,38,2); (7,38,4); (5,38,6); (39,38,2); 
Queue q0: Closed
Queue q1: Closed
Queue q2: Closed
Queue q3: Closed
Queue q4: Closed


Time 1
Waiting clients: (22,3,6); (37,4,5); (46,4,5); (38,5,4); (29,6,3); (34,7,2); (36,8,5); (17,9,5); (13,9,1); (11,10,4); (45,11,6); (31,11,6); (1,12,1); (47,12,1); (15,13,3); (25,19,2); (18,20,5); (16,21,3); (32,21,5); (24,21,3); (19,22,4); (44,23,3); (14,23,4); (26,24,2); (42,24,1); (6,25,1); (35,26,2); (10,27,1); (4,27,5); (30,27,3); (41,28,5); (49,28,3); (20,30,3); (33,30,5); (28,31,4); (0,31,1); (9,31,6); (3,32,5); (12,32,5); (2,33,2); (48,34,6); (40,35,5); (43,35,5); (8,36,6); (23,36,6); (27,38,3); (21,38,2); (7,38,4); (5,38,6); (39,38,2); 
Queue q0: Closed
Queue q1: Closed
Queue q2: Closed
Queue q3: Closed
Queue q4: Closed


Time 2
Waiting clients: (22,3,6); (37,4,5); (46,4,5); (38,5,4); (29,6,3); (34,7,2); (36,8,5); (17,9,5); (13,9,1); (11,10,4); (45,11,6); (31,11,6); (1,12,1); (47,12,1); (15,13,3); (25,19,2); (18,20,5); (16,21,3); (32,21,5); (24,21,3); (19,22,4); (44,23,3); (14,23,4); (26,24,2); (42,24,1); (6,25,1); (35,26,2); (10,27,1); (4,27,5); (30,27,3); (41,28,5); (49,28,3); (20,30,3); (33,30,5); (28,31,4); (0,31,1); (9,31,6); (3,32,5); (12,32,5); (2,33,2); (48,34,6); (40,35,5); (43,35,5); (8,36,6); (23,36,6); (27,38,3); (21,38,2); (7,38,4); (5,38,6); (39,38,2); 
Queue q0: Closed
Queue q1: Closed
Queue q2: Closed
Queue q3: Closed
Queue q4: Closed


Time 3
Waiting clients: (37,4,5); (46,4,5); (38,5,4); (29,6,3); (34,7,2); (36,8,5); (17,9,5); (13,9,1); (11,10,4); (45,11,6); (31,11,6); (1,12,1); (47,12,1); (15,13,3); (25,19,2); (18,20,5); (16,21,3); (32,21,5); (24,21,3); (19,22,4); (44,23,3); (14,23,4); (26,24,2); (42,24,1); (6,25,1); (35,26,2); (10,27,1); (4,27,5); (30,27,3); (41,28,5); (49,28,3); (20,30,3); (33,30,5); (28,31,4); (0,31,1); (9,31,6); (3,32,5); (12,32,5); (2,33,2); (48,34,6); (40,35,5); (43,35,5); (8,36,6); (23,36,6); (27,38,3); (21,38,2); (7,38,4); (5,38,6); (39,38,2); 
Queue q0:5[(22,3,6);]
Queue q1: Closed
Queue q2: Closed
Queue q3: Closed
Queue q4: Closed


Time 4
Waiting clients: (38,5,4); (29,6,3); (34,7,2); (36,8,5); (17,9,5); (13,9,1); (11,10,4); (45,11,6); (31,11,6); (1,12,1); (47,12,1); (15,13,3); (25,19,2); (18,20,5); (16,21,3); (32,21,5); (24,21,3); (19,22,4); (44,23,3); (14,23,4); (26,24,2); (42,24,1); (6,25,1); (35,26,2); (10,27,1); (4,27,5); (30,27,3); (41,28,5); (49,28,3); (20,30,3); (33,30,5); (28,31,4); (0,31,1); (9,31,6); (3,32,5); (12,32,5); (2,33,2); (48,34,6); (40,35,5); (43,35,5); (8,36,6); (23,36,6); (27,38,3); (21,38,2); (7,38,4); (5,38,6); (39,38,2); 
Queue q0:4[(22,3,6);]
Queue q1:4[(37,4,5);]
Queue q2:4[(46,4,5);]
Queue q3: Closed
Queue q4: Closed


Time 5
Waiting clients: (29,6,3); (34,7,2); (36,8,5); (17,9,5); (13,9,1); (11,10,4); (45,11,6); (31,11,6); (1,12,1); (47,12,1); (15,13,3); (25,19,2); (18,20,5); (16,21,3); (32,21,5); (24,21,3); (19,22,4); (44,23,3); (14,23,4); (26,24,2); (42,24,1); (6,25,1); (35,26,2); (10,27,1); (4,27,5); (30,27,3); (41,28,5); (49,28,3); (20,30,3); (33,30,5); (28,31,4); (0,31,1); (9,31,6); (3,32,5); (12,32,5); (2,33,2); (48,34,6); (40,35,5); (43,35,5); (8,36,6); (23,36,6); (27,38,3); (21,38,2); (7,38,4); (5,38,6); (39,38,2); 
Queue q0:3[(22,3,6);]
Queue q1:3[(37,4,5);]
Queue q2:3[(46,4,5);]
Queue q3:3[(38,5,4);]
Queue q4: Closed


Time 6
Waiting clients: (34,7,2); (36,8,5); (17,9,5); (13,9,1); (11,10,4); (45,11,6); (31,11,6); (1,12,1); (47,12,1); (15,13,3); (25,19,2); (18,20,5); (16,21,3); (32,21,5); (24,21,3); (19,22,4); (44,23,3); (14,23,4); (26,24,2); (42,24,1); (6,25,1); (35,26,2); (10,27,1); (4,27,5); (30,27,3); (41,28,5); (49,28,3); (20,30,3); (33,30,5); (28,31,4); (0,31,1); (9,31,6); (3,32,5); (12,32,5); (2,33,2); (48,34,6); (40,35,5); (43,35,5); (8,36,6); (23,36,6); (27,38,3); (21,38,2); (7,38,4); (5,38,6); (39,38,2); 
Queue q0:2[(22,3,6);]
Queue q1:2[(37,4,5);]
Queue q2:2[(46,4,5);]
Queue q3:2[(38,5,4);]
Queue q4:2[(29,6,3);]


Time 7
Waiting clients: (36,8,5); (17,9,5); (13,9,1); (11,10,4); (45,11,6); (31,11,6); (1,12,1); (47,12,1); (15,13,3); (25,19,2); (18,20,5); (16,21,3); (32,21,5); (24,21,3); (19,22,4); (44,23,3); (14,23,4); (26,24,2); (42,24,1); (6,25,1); (35,26,2); (10,27,1); (4,27,5); (30,27,3); (41,28,5); (49,28,3); (20,30,3); (33,30,5); (28,31,4); (0,31,1); (9,31,6); (3,32,5); (12,32,5); (2,33,2); (48,34,6); (40,35,5); (43,35,5); (8,36,6); (23,36,6); (27,38,3); (21,38,2); (7,38,4); (5,38,6); (39,38,2); 
Queue q0:3[(22,3,6);, (34,7,2);]
Queue q1:1[(37,4,5);]
Queue q2:1[(46,4,5);]
Queue q3:1[(38,5,4);]
Queue q4:1[(29,6,3);]


Time 8
Waiting clients: (17,9,5); (13,9,1); (11,10,4); (45,11,6); (31,11,6); (1,12,1); (47,12,1); (15,13,3); (25,19,2); (18,20,5); (16,21,3); (32,21,5); (24,21,3); (19,22,4); (44,23,3); (14,23,4); (26,24,2); (42,24,1); (6,25,1); (35,26,2); (10,27,1); (4,27,5); (30,27,3); (41,28,5); (49,28,3); (20,30,3); (33,30,5); (28,31,4); (0,31,1); (9,31,6); (3,32,5); (12,32,5); (2,33,2); (48,34,6); (40,35,5); (43,35,5); (8,36,6); (23,36,6); (27,38,3); (21,38,2); (7,38,4); (5,38,6); (39,38,2); 
Queue q0:2[(22,3,6);, (34,7,2);]
Queue q1:5[(37,4,5);, (36,8,5);]
Queue q2:0[(46,4,5);]
Queue q3:0[(38,5,4);]
Queue q4:0[(29,6,3);]


Time 9
Waiting clients: (11,10,4); (45,11,6); (31,11,6); (1,12,1); (47,12,1); (15,13,3); (25,19,2); (18,20,5); (16,21,3); (32,21,5); (24,21,3); (19,22,4); (44,23,3); (14,23,4); (26,24,2); (42,24,1); (6,25,1); (35,26,2); (10,27,1); (4,27,5); (30,27,3); (41,28,5); (49,28,3); (20,30,3); (33,30,5); (28,31,4); (0,31,1); (9,31,6); (3,32,5); (12,32,5); (2,33,2); (48,34,6); (40,35,5); (43,35,5); (8,36,6); (23,36,6); (27,38,3); (21,38,2); (7,38,4); (5,38,6); (39,38,2); 
Queue q0:1[(34,7,2);]
Queue q1:4[(36,8,5);]
Queue q2:4[(17,9,5);]
Queue q3:0[(13,9,1);]
Queue q4: Closed


Time 10
Waiting clients: (45,11,6); (31,11,6); (1,12,1); (47,12,1); (15,13,3); (25,19,2); (18,20,5); (16,21,3); (32,21,5); (24,21,3); (19,22,4); (44,23,3); (14,23,4); (26,24,2); (42,24,1); (6,25,1); (35,26,2); (10,27,1); (4,27,5); (30,27,3); (41,28,5); (49,28,3); (20,30,3); (33,30,5); (28,31,4); (0,31,1); (9,31,6); (3,32,5); (12,32,5); (2,33,2); (48,34,6); (40,35,5); (43,35,5); (8,36,6); (23,36,6); (27,38,3); (21,38,2); (7,38,4); (5,38,6); (39,38,2); 
Queue q0:0[(34,7,2);]
Queue q1:3[(36,8,5);]
Queue q2:3[(17,9,5);]
Queue q3:3[(13,9,1);, (11,10,4);]
Queue q4: Closed


Time 11
Waiting clients: (1,12,1); (47,12,1); (15,13,3); (25,19,2); (18,20,5); (16,21,3); (32,21,5); (24,21,3); (19,22,4); (44,23,3); (14,23,4); (26,24,2); (42,24,1); (6,25,1); (35,26,2); (10,27,1); (4,27,5); (30,27,3); (41,28,5); (49,28,3); (20,30,3); (33,30,5); (28,31,4); (0,31,1); (9,31,6); (3,32,5); (12,32,5); (2,33,2); (48,34,6); (40,35,5); (43,35,5); (8,36,6); (23,36,6); (27,38,3); (21,38,2); (7,38,4); (5,38,6); (39,38,2); 
Queue q0:5[(34,7,2);, (45,11,6);]
Queue q1:2[(36,8,5);]
Queue q2:2[(17,9,5);]
Queue q3:2[(11,10,4);]
Queue q4:4[(31,11,6);]


Time 12
Waiting clients: (15,13,3); (25,19,2); (18,20,5); (16,21,3); (32,21,5); (24,21,3); (19,22,4); (44,23,3); (14,23,4); (26,24,2); (42,24,1); (6,25,1); (35,26,2); (10,27,1); (4,27,5); (30,27,3); (41,28,5); (49,28,3); (20,30,3); (33,30,5); (28,31,4); (0,31,1); (9,31,6); (3,32,5); (12,32,5); (2,33,2); (48,34,6); (40,35,5); (43,35,5); (8,36,6); (23,36,6); (27,38,3); (21,38,2); (7,38,4); (5,38,6); (39,38,2); 
Queue q0:4[(45,11,6);]
Queue q1:2[(36,8,5);, (1,12,1);]
Queue q2:2[(17,9,5);, (47,12,1);]
Queue q3:1[(11,10,4);]
Queue q4:3[(31,11,6);]


Time 13
Waiting clients: (25,19,2); (18,20,5); (16,21,3); (32,21,5); (24,21,3); (19,22,4); (44,23,3); (14,23,4); (26,24,2); (42,24,1); (6,25,1); (35,26,2); (10,27,1); (4,27,5); (30,27,3); (41,28,5); (49,28,3); (20,30,3); (33,30,5); (28,31,4); (0,31,1); (9,31,6); (3,32,5); (12,32,5); (2,33,2); (48,34,6); (40,35,5); (43,35,5); (8,36,6); (23,36,6); (27,38,3); (21,38,2); (7,38,4); (5,38,6); (39,38,2); 
Queue q0:3[(45,11,6);]
Queue q1:1[(36,8,5);, (1,12,1);]
Queue q2:1[(17,9,5);, (47,12,1);]
Queue q3:3[(11,10,4);, (15,13,3);]
Queue q4:2[(31,11,6);]


Time 14
Waiting clients: (25,19,2); (18,20,5); (16,21,3); (32,21,5); (24,21,3); (19,22,4); (44,23,3); (14,23,4); (26,24,2); (42,24,1); (6,25,1); (35,26,2); (10,27,1); (4,27,5); (30,27,3); (41,28,5); (49,28,3); (20,30,3); (33,30,5); (28,31,4); (0,31,1); (9,31,6); (3,32,5); (12,32,5); (2,33,2); (48,34,6); (40,35,5); (43,35,5); (8,36,6); (23,36,6); (27,38,3); (21,38,2); (7,38,4); (5,38,6); (39,38,2); 
Queue q0:2[(45,11,6);]
Queue q1:0[(36,8,5);, (1,12,1);]
Queue q2:0[(17,9,5);, (47,12,1);]
Queue q3:2[(11,10,4);, (15,13,3);]
Queue q4:1[(31,11,6);]


Time 15
Waiting clients: (25,19,2); (18,20,5); (16,21,3); (32,21,5); (24,21,3); (19,22,4); (44,23,3); (14,23,4); (26,24,2); (42,24,1); (6,25,1); (35,26,2); (10,27,1); (4,27,5); (30,27,3); (41,28,5); (49,28,3); (20,30,3); (33,30,5); (28,31,4); (0,31,1); (9,31,6); (3,32,5); (12,32,5); (2,33,2); (48,34,6); (40,35,5); (43,35,5); (8,36,6); (23,36,6); (27,38,3); (21,38,2); (7,38,4); (5,38,6); (39,38,2); 
Queue q0:1[(45,11,6);]
Queue q1:-1[(1,12,1);]
Queue q2:-1[(47,12,1);]
Queue q3:1[(11,10,4);, (15,13,3);]
Queue q4:0[(31,11,6);]


Time 16
Waiting clients: (25,19,2); (18,20,5); (16,21,3); (32,21,5); (24,21,3); (19,22,4); (44,23,3); (14,23,4); (26,24,2); (42,24,1); (6,25,1); (35,26,2); (10,27,1); (4,27,5); (30,27,3); (41,28,5); (49,28,3); (20,30,3); (33,30,5); (28,31,4); (0,31,1); (9,31,6); (3,32,5); (12,32,5); (2,33,2); (48,34,6); (40,35,5); (43,35,5); (8,36,6); (23,36,6); (27,38,3); (21,38,2); (7,38,4); (5,38,6); (39,38,2); 
Queue q0:0[(45,11,6);]
Queue q1:-2[(1,12,1);]
Queue q2:-2[(47,12,1);]
Queue q3:0[(15,13,3);]
Queue q4:-1[(31,11,6);]


Time 17
Waiting clients: (25,19,2); (18,20,5); (16,21,3); (32,21,5); (24,21,3); (19,22,4); (44,23,3); (14,23,4); (26,24,2); (42,24,1); (6,25,1); (35,26,2); (10,27,1); (4,27,5); (30,27,3); (41,28,5); (49,28,3); (20,30,3); (33,30,5); (28,31,4); (0,31,1); (9,31,6); (3,32,5); (12,32,5); (2,33,2); (48,34,6); (40,35,5); (43,35,5); (8,36,6); (23,36,6); (27,38,3); (21,38,2); (7,38,4); (5,38,6); (39,38,2); 
Queue q0:-1[(45,11,6);]
Queue q1: Closed
Queue q2: Closed
Queue q3:-1[(15,13,3);]
Queue q4: Closed


Time 18
Waiting clients: (25,19,2); (18,20,5); (16,21,3); (32,21,5); (24,21,3); (19,22,4); (44,23,3); (14,23,4); (26,24,2); (42,24,1); (6,25,1); (35,26,2); (10,27,1); (4,27,5); (30,27,3); (41,28,5); (49,28,3); (20,30,3); (33,30,5); (28,31,4); (0,31,1); (9,31,6); (3,32,5); (12,32,5); (2,33,2); (48,34,6); (40,35,5); (43,35,5); (8,36,6); (23,36,6); (27,38,3); (21,38,2); (7,38,4); (5,38,6); (39,38,2); 
Queue q0:-2[(45,11,6);]
Queue q1: Closed
Queue q2: Closed
Queue q3:-2[(15,13,3);]
Queue q4: Closed


Time 19
Waiting clients: (18,20,5); (16,21,3); (32,21,5); (24,21,3); (19,22,4); (44,23,3); (14,23,4); (26,24,2); (42,24,1); (6,25,1); (35,26,2); (10,27,1); (4,27,5); (30,27,3); (41,28,5); (49,28,3); (20,30,3); (33,30,5); (28,31,4); (0,31,1); (9,31,6); (3,32,5); (12,32,5); (2,33,2); (48,34,6); (40,35,5); (43,35,5); (8,36,6); (23,36,6); (27,38,3); (21,38,2); (7,38,4); (5,38,6); (39,38,2); 
Queue q0:-1[(25,19,2);]
Queue q1: Closed
Queue q2: Closed
Queue q3:-3[(15,13,3);]
Queue q4: Closed


Time 20
Waiting clients: (16,21,3); (32,21,5); (24,21,3); (19,22,4); (44,23,3); (14,23,4); (26,24,2); (42,24,1); (6,25,1); (35,26,2); (10,27,1); (4,27,5); (30,27,3); (41,28,5); (49,28,3); (20,30,3); (33,30,5); (28,31,4); (0,31,1); (9,31,6); (3,32,5); (12,32,5); (2,33,2); (48,34,6); (40,35,5); (43,35,5); (8,36,6); (23,36,6); (27,38,3); (21,38,2); (7,38,4); (5,38,6); (39,38,2); 
Queue q0:-2[(25,19,2);]
Queue q1: Closed
Queue q2: Closed
Queue q3:1[(18,20,5);]
Queue q4: Closed


Time 21
Waiting clients: (19,22,4); (44,23,3); (14,23,4); (26,24,2); (42,24,1); (6,25,1); (35,26,2); (10,27,1); (4,27,5); (30,27,3); (41,28,5); (49,28,3); (20,30,3); (33,30,5); (28,31,4); (0,31,1); (9,31,6); (3,32,5); (12,32,5); (2,33,2); (48,34,6); (40,35,5); (43,35,5); (8,36,6); (23,36,6); (27,38,3); (21,38,2); (7,38,4); (5,38,6); (39,38,2); 
Queue q0:0[(25,19,2);, (16,21,3);]
Queue q1:1[(32,21,5);]
Queue q2:-1[(24,21,3);]
Queue q3:0[(18,20,5);]
Queue q4: Closed


Time 22
Waiting clients: (44,23,3); (14,23,4); (26,24,2); (42,24,1); (6,25,1); (35,26,2); (10,27,1); (4,27,5); (30,27,3); (41,28,5); (49,28,3); (20,30,3); (33,30,5); (28,31,4); (0,31,1); (9,31,6); (3,32,5); (12,32,5); (2,33,2); (48,34,6); (40,35,5); (43,35,5); (8,36,6); (23,36,6); (27,38,3); (21,38,2); (7,38,4); (5,38,6); (39,38,2); 
Queue q0:-1[(16,21,3);]
Queue q1:0[(32,21,5);]
Queue q2:2[(24,21,3);, (19,22,4);]
Queue q3:-1[(18,20,5);]
Queue q4: Closed


Time 23
Waiting clients: (26,24,2); (42,24,1); (6,25,1); (35,26,2); (10,27,1); (4,27,5); (30,27,3); (41,28,5); (49,28,3); (20,30,3); (33,30,5); (28,31,4); (0,31,1); (9,31,6); (3,32,5); (12,32,5); (2,33,2); (48,34,6); (40,35,5); (43,35,5); (8,36,6); (23,36,6); (27,38,3); (21,38,2); (7,38,4); (5,38,6); (39,38,2); 
Queue q0:1[(16,21,3);, (44,23,3);]
Queue q1:-1[(32,21,5);]
Queue q2:1[(24,21,3);, (19,22,4);]
Queue q3:2[(18,20,5);, (14,23,4);]
Queue q4: Closed


Time 24
Waiting clients: (6,25,1); (35,26,2); (10,27,1); (4,27,5); (30,27,3); (41,28,5); (49,28,3); (20,30,3); (33,30,5); (28,31,4); (0,31,1); (9,31,6); (3,32,5); (12,32,5); (2,33,2); (48,34,6); (40,35,5); (43,35,5); (8,36,6); (23,36,6); (27,38,3); (21,38,2); (7,38,4); (5,38,6); (39,38,2); 
Queue q0:0[(16,21,3);, (44,23,3);]
Queue q1:0[(32,21,5);, (26,24,2);]
Queue q2:0[(19,22,4);]
Queue q3:1[(18,20,5);, (14,23,4);]
Queue q4:-1[(42,24,1);]


Time 25
Waiting clients: (35,26,2); (10,27,1); (4,27,5); (30,27,3); (41,28,5); (49,28,3); (20,30,3); (33,30,5); (28,31,4); (0,31,1); (9,31,6); (3,32,5); (12,32,5); (2,33,2); (48,34,6); (40,35,5); (43,35,5); (8,36,6); (23,36,6); (27,38,3); (21,38,2); (7,38,4); (5,38,6); (39,38,2); 
Queue q0:-1[(16,21,3);, (44,23,3);]
Queue q1:-1[(32,21,5);, (26,24,2);]
Queue q2:-1[(19,22,4);]
Queue q3:0[(18,20,5);, (14,23,4);]
Queue q4:-2[(6,25,1);]


Time 26
Waiting clients: (10,27,1); (4,27,5); (30,27,3); (41,28,5); (49,28,3); (20,30,3); (33,30,5); (28,31,4); (0,31,1); (9,31,6); (3,32,5); (12,32,5); (2,33,2); (48,34,6); (40,35,5); (43,35,5); (8,36,6); (23,36,6); (27,38,3); (21,38,2); (7,38,4); (5,38,6); (39,38,2); 
Queue q0:-2[(44,23,3);]
Queue q1:-2[(26,24,2);]
Queue q2:-2[(19,22,4);]
Queue q3:-1[(14,23,4);]
Queue q4:-1[(6,25,1);, (35,26,2);]


Time 27
Waiting clients: (41,28,5); (49,28,3); (20,30,3); (33,30,5); (28,31,4); (0,31,1); (9,31,6); (3,32,5); (12,32,5); (2,33,2); (48,34,6); (40,35,5); (43,35,5); (8,36,6); (23,36,6); (27,38,3); (21,38,2); (7,38,4); (5,38,6); (39,38,2); 
Queue q0:-2[(44,23,3);, (10,27,1);]
Queue q1:2[(26,24,2);, (4,27,5);]
Queue q2:0[(19,22,4);, (30,27,3);]
Queue q3:-2[(14,23,4);]
Queue q4:-2[(35,26,2);]


Time 28
Waiting clients: (20,30,3); (33,30,5); (28,31,4); (0,31,1); (9,31,6); (3,32,5); (12,32,5); (2,33,2); (48,34,6); (40,35,5); (43,35,5); (8,36,6); (23,36,6); (27,38,3); (21,38,2); (7,38,4); (5,38,6); (39,38,2); 
Queue q0:2[(44,23,3);, (10,27,1);, (41,28,5);]
Queue q1:1[(26,24,2);, (4,27,5);]
Queue q2:-1[(19,22,4);, (30,27,3);]
Queue q3:0[(14,23,4);, (49,28,3);]
Queue q4:-3[(35,26,2);]


Time 29
Waiting clients: (20,30,3); (33,30,5); (28,31,4); (0,31,1); (9,31,6); (3,32,5); (12,32,5); (2,33,2); (48,34,6); (40,35,5); (43,35,5); (8,36,6); (23,36,6); (27,38,3); (21,38,2); (7,38,4); (5,38,6); (39,38,2); 
Queue q0:1[(44,23,3);, (10,27,1);, (41,28,5);]
Queue q1:0[(4,27,5);]
Queue q2:-2[(30,27,3);]
Queue q3:-1[(14,23,4);, (49,28,3);]
Queue q4:-4[(35,26,2);]


Time 30
Waiting clients: (28,31,4); (0,31,1); (9,31,6); (3,32,5); (12,32,5); (2,33,2); (48,34,6); (40,35,5); (43,35,5); (8,36,6); (23,36,6); (27,38,3); (21,38,2); (7,38,4); (5,38,6); (39,38,2); 
Queue q0:0[(10,27,1);, (41,28,5);]
Queue q1:-1[(4,27,5);]
Queue q2:2[(30,27,3);, (33,30,5);]
Queue q3:-2[(14,23,4);, (49,28,3);]
Queue q4:-2[(20,30,3);]


Time 31
Waiting clients: (3,32,5); (12,32,5); (2,33,2); (48,34,6); (40,35,5); (43,35,5); (8,36,6); (23,36,6); (27,38,3); (21,38,2); (7,38,4); (5,38,6); (39,38,2); 
Queue q0:-1[(10,27,1);, (41,28,5);]
Queue q1:4[(4,27,5);, (9,31,6);]
Queue q2:1[(30,27,3);, (33,30,5);]
Queue q3:1[(49,28,3);, (28,31,4);]
Queue q4:-2[(20,30,3);, (0,31,1);]


Time 32
Waiting clients: (2,33,2); (48,34,6); (40,35,5); (43,35,5); (8,36,6); (23,36,6); (27,38,3); (21,38,2); (7,38,4); (5,38,6); (39,38,2); 
Queue q0:3[(41,28,5);, (12,32,5);]
Queue q1:3[(4,27,5);, (9,31,6);]
Queue q2:0[(30,27,3);, (33,30,5);]
Queue q3:0[(49,28,3);, (28,31,4);]
Queue q4:2[(20,30,3);, (0,31,1);, (3,32,5);]


Time 33
Waiting clients: (48,34,6); (40,35,5); (43,35,5); (8,36,6); (23,36,6); (27,38,3); (21,38,2); (7,38,4); (5,38,6); (39,38,2); 
Queue q0:2[(41,28,5);, (12,32,5);]
Queue q1:2[(4,27,5);, (9,31,6);]
Queue q2:1[(33,30,5);, (2,33,2);]
Queue q3:-1[(49,28,3);, (28,31,4);]
Queue q4:1[(20,30,3);, (0,31,1);, (3,32,5);]


Time 34
Waiting clients: (40,35,5); (43,35,5); (8,36,6); (23,36,6); (27,38,3); (21,38,2); (7,38,4); (5,38,6); (39,38,2); 
Queue q0:1[(41,28,5);, (12,32,5);]
Queue q1:1[(4,27,5);, (9,31,6);]
Queue q2:0[(33,30,5);, (2,33,2);]
Queue q3:4[(49,28,3);, (28,31,4);, (48,34,6);]
Queue q4:0[(0,31,1);, (3,32,5);]


Time 35
Waiting clients: (8,36,6); (23,36,6); (27,38,3); (21,38,2); (7,38,4); (5,38,6); (39,38,2); 
Queue q0:0[(41,28,5);, (12,32,5);]
Queue q1:0[(9,31,6);]
Queue q2:4[(33,30,5);, (2,33,2);, (40,35,5);]
Queue q3:3[(28,31,4);, (48,34,6);]
Queue q4:4[(0,31,1);, (3,32,5);, (43,35,5);]


Time 36
Waiting clients: (27,38,3); (21,38,2); (7,38,4); (5,38,6); (39,38,2); 
Queue q0:5[(41,28,5);, (12,32,5);, (8,36,6);]
Queue q1:5[(9,31,6);, (23,36,6);]
Queue q2:3[(33,30,5);, (2,33,2);, (40,35,5);]
Queue q3:2[(28,31,4);, (48,34,6);]
Queue q4:3[(3,32,5);, (43,35,5);]


Time 37
Waiting clients: (27,38,3); (21,38,2); (7,38,4); (5,38,6); (39,38,2); 
Queue q0:4[(41,28,5);, (12,32,5);, (8,36,6);]
Queue q1:4[(9,31,6);, (23,36,6);]
Queue q2:2[(33,30,5);, (2,33,2);, (40,35,5);]
Queue q3:1[(28,31,4);, (48,34,6);]
Queue q4:2[(3,32,5);, (43,35,5);]


Time 38
Waiting clients: 
Queue q0:9[(12,32,5);, (8,36,6);, (5,38,6);]
Queue q1:5[(9,31,6);, (23,36,6);, (39,38,2);]
Queue q2:3[(33,30,5);, (2,33,2);, (40,35,5);, (21,38,2);]
Queue q3:3[(28,31,4);, (48,34,6);, (27,38,3);]
Queue q4:5[(3,32,5);, (43,35,5);, (7,38,4);]


Time 39
Waiting clients: 
Queue q0:8[(12,32,5);, (8,36,6);, (5,38,6);]
Queue q1:4[(9,31,6);, (23,36,6);, (39,38,2);]
Queue q2:2[(2,33,2);, (40,35,5);, (21,38,2);]
Queue q3:2[(28,31,4);, (48,34,6);, (27,38,3);]
Queue q4:4[(3,32,5);, (43,35,5);, (7,38,4);]


Time 40
Waiting clients: 
Queue q0:7[(12,32,5);, (8,36,6);, (5,38,6);]
Queue q1:3[(9,31,6);, (23,36,6);, (39,38,2);]
Queue q2:1[(2,33,2);, (40,35,5);, (21,38,2);]
Queue q3:1[(48,34,6);, (27,38,3);]
Queue q4:3[(3,32,5);, (43,35,5);, (7,38,4);]


Time 41
Waiting clients: 
Queue q0:6[(12,32,5);, (8,36,6);, (5,38,6);]
Queue q1:2[(9,31,6);, (23,36,6);, (39,38,2);]
Queue q2:0[(2,33,2);, (40,35,5);, (21,38,2);]
Queue q3:0[(48,34,6);, (27,38,3);]
Queue q4:2[(3,32,5);, (43,35,5);, (7,38,4);]


Time 42
Waiting clients: 
Queue q0:5[(12,32,5);, (8,36,6);, (5,38,6);]
Queue q1:1[(23,36,6);, (39,38,2);]
Queue q2:-1[(40,35,5);, (21,38,2);]
Queue q3:-1[(48,34,6);, (27,38,3);]
Queue q4:1[(43,35,5);, (7,38,4);]


Time 43
Waiting clients: 
Queue q0:4[(12,32,5);, (8,36,6);, (5,38,6);]
Queue q1:0[(23,36,6);, (39,38,2);]
Queue q2:-2[(40,35,5);, (21,38,2);]
Queue q3:-2[(48,34,6);, (27,38,3);]
Queue q4:0[(43,35,5);, (7,38,4);]


Time 44
Waiting clients: 
Queue q0:3[(8,36,6);, (5,38,6);]
Queue q1:-1[(23,36,6);, (39,38,2);]
Queue q2:-3[(40,35,5);, (21,38,2);]
Queue q3:-3[(48,34,6);, (27,38,3);]
Queue q4:-1[(43,35,5);, (7,38,4);]


Time 45
Waiting clients: 
Queue q0:2[(8,36,6);, (5,38,6);]
Queue q1:-2[(23,36,6);, (39,38,2);]
Queue q2:-4[(40,35,5);, (21,38,2);]
Queue q3:-4[(48,34,6);, (27,38,3);]
Queue q4:-2[(43,35,5);, (7,38,4);]


Time 46
Waiting clients: 
Queue q0:1[(8,36,6);, (5,38,6);]
Queue q1:-3[(23,36,6);, (39,38,2);]
Queue q2:-5[(40,35,5);, (21,38,2);]
Queue q3:-5[(48,34,6);, (27,38,3);]
Queue q4:-3[(43,35,5);, (7,38,4);]


Time 47
Waiting clients: 
Queue q0:0[(8,36,6);, (5,38,6);]
Queue q1:-4[(23,36,6);, (39,38,2);]
Queue q2:-6[(40,35,5);, (21,38,2);]
Queue q3:-6[(27,38,3);]
Queue q4:-4[(43,35,5);, (7,38,4);]


Time 48
Waiting clients: 
Queue q0:-1[(8,36,6);, (5,38,6);]
Queue q1:-5[(23,36,6);, (39,38,2);]
Queue q2:-7[(21,38,2);]
Queue q3:-7[(27,38,3);]
Queue q4:-5[(7,38,4);]


Time 49
Waiting clients: 
Queue q0:-2[(8,36,6);, (5,38,6);]
Queue q1:-6[(39,38,2);]
Queue q2:-8[(21,38,2);]
Queue q3:-8[(27,38,3);]
Queue q4:-6[(7,38,4);]


Time 50
Waiting clients: 
Queue q0:-3[(8,36,6);, (5,38,6);]
Queue q1:-7[(39,38,2);]
Queue q2:-9[(21,38,2);]
Queue q3:-9[(27,38,3);]
Queue q4:-7[(7,38,4);]


Time 51
Waiting clients: 
Queue q0:-4[(5,38,6);]
Queue q1:-8[(39,38,2);]
Queue q2: Closed
Queue q3: Closed
Queue q4:-8[(7,38,4);]


Time 52
Waiting clients: 
Queue q0:-5[(5,38,6);]
Queue q1: Closed
Queue q2: Closed
Queue q3: Closed
Queue q4:-9[(7,38,4);]


Time 53
Waiting clients: 
Queue q0:-6[(5,38,6);]
Queue q1: Closed
Queue q2: Closed
Queue q3: Closed
Queue q4: Closed


Time 54
Waiting clients: 
Queue q0:-7[(5,38,6);]
Queue q1: Closed
Queue q2: Closed
Queue q3: Closed
Queue q4: Closed


Time 55
Waiting clients: 
Queue q0:-8[(5,38,6);]
Queue q1: Closed
Queue q2: Closed
Queue q3: Closed
Queue q4: Closed


Time 56
Waiting clients: 
Queue q0:-9[(5,38,6);]
Queue q1: Closed
Queue q2: Closed
Queue q3: Closed
Queue q4: Closed


Time 57
Waiting clients: 
Queue q0:-10[(5,38,6);]
Queue q1: Closed
Queue q2: Closed
Queue q3: Closed
Queue q4: Closed


Time 58
Waiting clients: 
Queue q0: Closed
Queue q1: Closed
Queue q2: Closed
Queue q3: Closed
Queue q4: Closed


Time 59
Waiting clients: 
Queue q0: Closed
Queue q1: Closed
Queue q2: Closed
Queue q3: Closed
Queue q4: Closed


Time 60
Waiting clients: 
Queue q0: Closed
Queue q1: Closed
Queue q2: Closed
Queue q3: Closed
Queue q4: Closed

Average service time:3.7
Average waiting time:-19.22